,ACB,ASW,BEB,CDX,CEU,CHB,CHS,CLM,ESN,FIN,GBR,GIH,GWD,IBS,ITU,JPT,KHV,LWK,MSL,MXL,PEL,PJL,PUR,SIB,STU,TSI,YRI
ACB,0.0,0.0006081053637812044,0.013485649672675026,0.03280656239082772,0.0010709873227329793,0.03456934268672504,0.021495556063323457,9.195718276836705e-05,0.0007321252525952546,0.00842132117772226,0.005161458752246764,0.007011921539874792,5.475611622329028e-07,0.0027163731734731024,0.012189198150938755,0.03401832272806419,0.04665714746979641,0.00037723571984388173,5.636277413684494e-05,0.0002773085140220555,0.0007552410181636659,0.006316256776850141,0.0005108356745174158,0.01065720543996862,0.006294788616546707,0.002348260005352391,0.0015799780385706158
ASW,0.0006081053637812044,0.0,0.01769919223131414,0.04043413579387669,0.002781027625677104,0.041334712581366305,0.024678192119996098,0.00022818040238802438,0.002398016838113416,0.013049859582545374,0.009208792664674916,0.011240704170399454,0.000557969040734009,0.0051310571616876195,0.01713835206791629,0.040671881518713274,0.051741582859837036,0.0019483151704133902,0.0003113316357730703,0.0017231665210757593,4.063767026254761e-06,0.009524116777524782,0.0020514219878627724,0.004962355614317776,0.010115698262471681,0.005153376219543243,0.0034991579935398777
BEB,0.013485649672675026,0.01769919223131414,0.0,0.004101465031955977,0.006904244595370712,0.004815286308328773,0.0011676961549593869,0.01595228815558566,0.008081610128462802,0.0006331141889692136,0.0019648771526442023,0.0011036471208358534,0.013444861072197837,0.004117306123149781,4.4469439580449525e-05,0.00461654820669609,0.010383016009161,0.009202863902232402,0.01483378089871368,0.009681483193451341,0.020510566905704086,0.0013452301173001563,0.008925144711349798,0.04368108506161834,0.001423045602270532,0.004650766362365975,0.005759474584584577
CDX,0.03280656239082772,0.04043413579387669,0.004101465031955977,0.0,0.020527801604438237,2.4712829528474516e-05,0.000856314964583831,0.0361360256769774,0.023183037332677722,0.008120573385269522,0.012024073802467714,0.009634314080543242,0.030931007794188746,0.01591362020929388,0.005092171188401541,1.2164465932817477e-05,0.0013612234086671233,0.026176238713135833,0.03539400318757524,0.027029829600114255,0.0432934506315606,0.009930491993307278,0.02483144781469595,0.058566061964619956,0.010465698452819569,0.01776155737640177,0.018564057563997118
CEU,0.0010709873227329793,0.002781027625677104,0.006904244595370712,0.020527801604438237,0.0,0.02243355119724988,0.013886724849352905,0.0018111758801176894,3.9818858972939744e-05,0.0031655684430072204,0.001338226821548079,0.0023667605153304683,0.0010831033022211413,0.0003742900117130914,0.005653267841343369,0.022042196954150235,0.03370387941708775,0.00018440888290994193,0.0015300984408422931,0.0002610683683176139,0.0035344471293275253,0.0021934773698603673,0.0001178131742656156,0.021787600825466307,0.0020171092334773178,0.00020594773836685504,5.256477435730248e-05
CHB,0.03456934268672504,0.041334712581366305,0.004815286308328773,2.4712829528474516e-05,0.02243355119724988,0.0,0.0011897451356961569,0.03819296257209652,0.025026368093583436,0.009009424859386618,0.013018770040885128,0.010614153988835298,0.03330649297102214,0.01747165805128066,0.005834938123607446,2.204167443461977e-06,0.0010349591073036534,0.0275783546671217,0.03690203095942762,0.028414709983985372,0.04531196398225444,0.01110342545346037,0.02665438646347563,0.06429231901473746,0.011540775172861506,0.019067987336483024,0.0203606461690506
CHS,0.021495556063323457,0.024678192119996098,0.0011676961549593869,0.000856314964583831,0.013886724849352905,0.0011897451356961569,0.0,0.02488592452385225,0.015233506081464008,0.0033255822843043623,0.005708823457762341,0.0043173701662143505,0.022610418549291866,0.009677974606489394,0.0016073605605839796,0.0010939081463880067,0.004497163111197465,0.015789135411640277,0.022570137942630925,0.016329937821333646,0.029958962148385806,0.005015647416720863,0.01622330847686704,0.0635155443716656,0.004995663817513161,0.009955674445403498,0.012241726511238147
CLM,9.195718276836705e-05,0.00022818040238802438,0.01595228815558566,0.0361360256769774,0.0018111758801176894,0.03819296257209652,0.02488592452385225,0.0,0.0013542916747573011,0.010209530641506048,0.006548956519957198,0.008672196115526607,0.0001047522345676194,0.0038561328420034955,0.014383106747666307,0.03763200214085367,0.05130768684211896,0.0008323764580468512,4.2012282526155025e-06,0.0006796500493987978,0.00031872608492954606,0.008030081670549763,0.001042806647896703,0.009868313571793876,0.007916290998733555,0.003356281328340612,0.0024664420512599196
ESN,0.0007321252525952546,0.002398016838113416,0.008081610128462802,0.023183037332677722,3.9818858972939744e-05,0.025026368093583436,0.015233506081464008,0.0013542916747573011,0.0,0.004051426204539684,0.0019090278672107546,0.0031169435185681603,0.0007033542057431621,0.0006598900139076998,0.006831522598332313,0.02458953102558097,0.036442519951925045,5.944856551150792e-05,0.0011541196261034528,0.00010785762243300189,0.0029439752797587922,0.0028387801203010317,2.124411100621272e-05,0.01831005188272957,0.0026890631829397976,0.0004364271983944604,0.00018290694948878646
FIN,0.00842132117772226,0.013049859582545374,0.0006331141889692136,0.008120573385269522,0.0031655684430072204,0.009009424859386618,0.0033255822843043623,0.010209530641506048,0.004051426204539684,0.0,0.0003915673052697841,6.528518638791042e-05,0.007847231023813279,0.0014452632809078593,0.0003507591295214858,0.00872694349635258,0.01582386371367692,0.005230359279573842,0.009818801662541619,0.005629203275771971,0.014181241969056185,0.0001222512025042888,0.004701545979021215,0.02953658494011947,0.0001536787139082904,0.0018853471313219166,0.0024244561991315647
GBR,0.005161458752246764,0.009208792664674916,0.0019648771526442023,0.012024073802467714,0.001338226821548079,0.013018770040885128,0.005708823457762341,0.006548956519957198,0.0019090278672107546,0.0003915673052697841,0.0,0.00013708217952588457,0.004683088553974993,0.0003388011552221964,0.0014718388504973323,0.012673981783914217,0.020713343210857736,0.0027677869117617724,0.006327677894657782,0.00306577762581706,0.00982720692486527,6.922415864175265e-05,0.002357407398207025,0.022927651228675835,5.3936773818747726e-05,0.0005553920516694971,0.0008798224639313863
GIH,0.007011921539874792,0.011240704170399454,0.0011036471208358534,0.009634314080543242,0.0023667605153304683,0.010614153988835298,0.0043173701662143505,0.008672196115526607,0.0031169435185681603,6.528518638791042e-05,0.00013708217952588457,0.0,0.006565514291808223,0.000912422057024065,0.0007190428667531187,0.010308349781845945,0.017958571485457018,0.004123610568433906,0.008273885775050125,0.004477444316941018,0.01234056215452891,9.771531392331149e-06,0.003682292526670604,0.02799193725315844,1.880418085205197e-05,0.0012496475026040946,0.0017306000039990998
GWD,5.475611622329028e-07,0.000557969040734009,0.013444861072197837,0.030931007794188746,0.0010831033022211413,0.03330649297102214,0.022610418549291866,0.0001047522345676194,0.0007033542057431621,0.007847231023813279,0.004683088553974993,0.006565514291808223,0.0,0.002731121272342995,0.011622854544958351,0.03283180472780096,0.046741543686643704,0.00032395247236976095,6.2928286604349e-05,0.00023377939488551216,0.0007627665187999374,0.006357254434289207,0.0004773157558919319,0.013767578028546437,0.006009082831770709,0.0021678384981234046,0.001612129814331532
IBS,0.0027163731734731024,0.0051310571616876195,0.004117306123149781,0.01591362020929388,0.0003742900117130914,0.01747165805128066,0.009677974606489394,0.0038561328420034955,0.0006598900139076998,0.0014452632809078593,0.0003388011552221964,0.000912422057024065,0.002731121272342995,0.0,0.0032309530986144403,0.017110841474055498,0.02733838504201727,0.0010593037994564261,0.0034087890383404655,0.0012329772397421228,0.006259797326506554,0.0007614613559088988,0.0009135045691601723,0.025701147321616876,0.0006842042729593233,2.0211998348482992e-05,0.0001465614095367845
ITU,0.012189198150938755,0.01713835206791629,4.4469439580449525e-05,0.005092171188401541,0.005653267841343369,0.005834938123607446,0.0016073605605839796,0.014383106747666307,0.006831522598332313,0.0003507591295214858,0.0014718388504973323,0.0007190428667531187,0.011622854544958351,0.0032309530986144403,0.0,0.0056104063181078734,0.011665933582535617,0.008226772888921968,0.013738366662265132,0.008710729004274442,0.01895514263861269,0.0008825116984847924,0.007663645063922914,0.03678334655742611,0.0009712276317513811,0.0038582921147159886,0.00463615992747053
JPT,0.03401832272806419,0.040671881518713274,0.00461654820669609,1.2164465932817477e-05,0.022042196954150235,2.204167443461977e-06,0.0010939081463880067,0.03763200214085367,0.02458953102558097,0.00872694349635258,0.012673981783914217,0.010308349781845945,0.03283180472780096,0.017110841474055498,0.0056104063181078734,0.0,0.0011331073627075278,0.02707276288643455,0.03631052707501734,0.027899073006532993,0.0446836484350065,0.010809038525011267,0.026194673733146805,0.06401611571312056,0.011226244419917266,0.018657132545398896,0.01998635267899458
KHV,0.04665714746979641,0.051741582859837036,0.010383016009161,0.0013612234086671233,0.03370387941708775,0.0010349591073036534,0.004497163111197465,0.05130768684211896,0.036442519951925045,0.01582386371367692,0.020713343210857736,0.017958571485457018,0.046741543686643704,0.02733838504201727,0.011665933582535617,0.0011331073627075278,0.0,0.03808512934877779,0.04853016136271673,0.03895338499640705,0.05888107602055592,0.019110139145051365,0.03818313247676098,0.08607917464569093,0.019319391180725804,0.028438525907930938,0.031137505749377223
LWK,0.00037723571984388173,0.0019483151704133902,0.009202863902232402,0.026176238713135833,0.00018440888290994193,0.0275783546671217,0.015789135411640277,0.0008323764580468512,5.944856551150792e-05,0.005230359279573842,0.0027677869117617724,0.004123610568433906,0.00032395247236976095,0.0010593037994564261,0.008226772888921968,0.02707276288643455,0.03808512934877779,0.0,0.0007285019086752488,7.626791321649908e-06,0.002192582679471374,0.003547257656383613,1.037213410883042e-05,0.012832866114637095,0.0035581129492378645,0.0008387626659018192,0.00041988727085051647
MSL,5.636277413684494e-05,0.0003113316357730703,0.01483378089871368,0.03539400318757524,0.0015300984408422931,0.03690203095942762,0.022570137942630925,4.2012282526155025e-06,0.0011541196261034528,0.009818801662541619,0.006327677894657782,0.008273885775050125,6.2928286604349e-05,0.0034087890383404655,0.013738366662265132,0.03631052707501734,0.04853016136271673,0.0007285019086752488,0.0,0.0005873111750429544,0.000394899421071411,0.0072906446079236955,0.0008829260389620043,0.008483586162291364,0.0074343019382547,0.003115264797507661,0.002112880021703327
MXL,0.0002773085140220555,0.0017231665210757593,0.009681483193451341,0.027029829600114255,0.0002610683683176139,0.028414709983985372,0.016329937821333646,0.0006796500493987978,0.00010785762243300189,0.005629203275771971,0.00306577762581706,0.004477444316941018,0.00023377939488551216,0.0012329772397421228,0.008710729004274442,0.027899073006532993,0.03895338499640705,7.626791321649908e-06,0.0005873111750429544,0.0,0.0019388924236246905,0.003852462761422257,3.515743238720139e-05,0.012173465607337952,0.0038819750435690518,0.0010044277568283999,0.0005309112591743928
PEL,0.0007552410181636659,4.063767026254761e-06,0.020510566905704086,0.0432934506315606,0.0035344471293275253,0.04531196398225444,0.029958962148385806,0.00031872608492954606,0.0029439752797587922,0.014181241969056185,0.00982720692486527,0.01234056215452891,0.0007627665187999374,0.006259797326506554,0.01895514263861269,0.0446836484350065,0.05888107602055592,0.002192582679471374,0.000394899421071411,0.0019388924236246905,0.0,0.011347690653860817,0.0024927921931383523,0.006779013302987826,0.01138352306028075,0.0057589139773666235,0.00441693213828972
PJL,0.006316256776850141,0.009524116777524782,0.0013452301173001563,0.009930491993307278,0.0021934773698603673,0.01110342545346037,0.005015647416720863,0.008030081670549763,0.0028387801203010317,0.0001222512025042888,6.922415864175265e-05,9.771531392331149e-06,0.006357254434289207,0.0007614613559088988,0.0008825116984847924,0.010809038525011267,0.019110139145051365,0.003547257656383613,0.0072906446079236955,0.003852462761422257,0.011347690653860817,0.0,0.0033402332124368465,0.033105655699487216,1.3451129358855514e-06,0.0010048420101420855,0.0015685579645739547
PUR,0.0005108356745174158,0.0020514219878627724,0.008925144711349798,0.02483144781469595,0.0001178131742656156,0.02665438646347563,0.01622330847686704,0.001042806647896703,2.124411100621272e-05,0.004701545979021215,0.002357407398207025,0.003682292526670604,0.0004773157558919319,0.0009135045691601723,0.007663645063922914,0.026194673733146805,0.03818313247676098,1.037213410883042e-05,0.0008829260389620043,3.515743238720139e-05,0.0024927921931383523,0.0033402332124368465,0.0,0.016571020628491404,0.00320528884557158,0.0006541896908079265,0.0003252445102968899
SIB,0.01065720543996862,0.004962355614317776,0.04368108506161834,0.058566061964619956,0.021787600825466307,0.06429231901473746,0.0635155443716656,0.009868313571793876,0.01831005188272957,0.02953658494011947,0.022927651228675835,0.02799193725315844,0.013767578028546437,0.025701147321616876,0.03678334655742611,0.06401611571312056,0.08607917464569093,0.012832866114637095,0.008483586162291364,0.012173465607337952,0.006779013302987826,0.033105655699487216,0.016571020628491404,0.0,0.028518506644639712,0.019583272506792426,0.023740068829532456
STU,0.006294788616546707,0.010115698262471681,0.001423045602270532,0.010465698452819569,0.0020171092334773178,0.011540775172861506,0.004995663817513161,0.007916290998733555,0.0026890631829397976,0.0001536787139082904,5.3936773818747726e-05,1.880418085205197e-05,0.006009082831770709,0.0006842042729593233,0.0009712276317513811,0.011226244419917266,0.019319391180725804,0.0035581129492378645,0.0074343019382547,0.0038819750435690518,0.01138352306028075,1.3451129358855514e-06,0.00320528884557158,0.028518506644639712,0.0,0.0009593379907811649,0.0014283189248402999
TSI,0.002348260005352391,0.005153376219543243,0.004650766362365975,0.01776155737640177,0.00020594773836685504,0.019067987336483024,0.009955674445403498,0.003356281328340612,0.0004364271983944604,0.0018853471313219166,0.0005553920516694971,0.0012496475026040946,0.0021678384981234046,2.0211998348482992e-05,0.0038582921147159886,0.018657132545398896,0.028438525907930938,0.0008387626659018192,0.003115264797507661,0.0010044277568283999,0.0057589139773666235,0.0010048420101420855,0.0006541896908079265,0.019583272506792426,0.0009593379907811649,0.0,5.350299777989343e-05
YRI,0.0015799780385706158,0.0034991579935398777,0.005759474584584577,0.018564057563997118,5.256477435730248e-05,0.0203606461690506,0.012241726511238147,0.0024664420512599196,0.00018290694948878646,0.0024244561991315647,0.0008798224639313863,0.0017306000039990998,0.001612129814331532,0.0001465614095367845,0.00463615992747053,0.01998635267899458,0.031137505749377223,0.00041988727085051647,0.002112880021703327,0.0005309112591743928,0.00441693213828972,0.0015685579645739547,0.0003252445102968899,0.023740068829532456,0.0014283189248402999,5.350299777989343e-05,0.0
